164,4
153,1
153,73
153,3
164,1
153,0
164,6
164,3
0,446
164,0
0,9
0,310
0,305
0,444
0,308
0,304
0,303
0,302
0,307
0,12
0,438
0,10
0,8
0,0
0,434
0,300
0,432
0,299
0,430
0,298
0,297
0,296
0,355
0,295
0,345
0,294
0,380
0,293
0,364
0,292
0,365
0,291
0,343
0,290
0,326
0,289
0,350
0,288
0,368
0,287
0,418
0,286
0,400
0,285
0,442
0,284
0,382
0,283
0,342
0,282
0,309
0,281
0,344
0,280
0,352
0,279
0,349
0,278
0,421
0,277
0,329
0,276
0,397
0,275
0,318
0,274
0,316
0,273
0,330
0,272
0,362
0,271
0,402
0,270
0,358
0,269
0,386
0,268
0,327
0,267
0,324
0,266
0,323
0,265
0,415
0,264
0,413
0,263
0,374
0,262
0,378
0,261
0,369
0,260
0,351
0,259
0,317
0,258
0,257
0,353
0,256
0,440
0,255
0,404
0,254
0,429
0,253
0,426
0,252
0,428
0,251
0,360
0,250
0,249
0,447
0,248
0,441
0,247
0,370
0,246
0,417
0,245
0,356
0,244
0,242
0,241
0,419
0,240
0,390
0,239
0,238
0,237
0,435
0,236
0,235
0,341
0,234
0,422
0,233
0,399
0,232
0,394
0,231
0,357
0,230
0,436
0,229
0,340
0,228
0,437
0,227
0,427
0,226
0,328
0,225
0,405
0,224
0,332
0,223
0,407
0,222
0,337
0,221
0,411
0,220
0,398
0,219
0,336
0,218
0,410
0,217
0,414
0,216
0,396
0,215
0,420
0,214
0,346
0,213
0,392
0,212
0,393
0,211
0,338
0,210
0,306
0,209
0,348
0,208
0,385
0,207
0,313
0,206
0,388
0,205
0,321
0,204
0,331
0,203
0,409
0,202
0,359
0,201
0,387
0,200
0,384
0,199
0,312
0,198
0,333
0,197
0,391
0,196
0,334
0,195
0,347
0,194
0,416
0,193
0,395
0,192
0,406
0,63
0,401
0,62
0,354
0,61
0,423
0,60
0,433
0,59
0,431
0,58
0,339
0,57
0,320
0,56
0,412
0,55
0,335
