4,3
4,2
4,1
4,0
3,6
3,5
3,4
3,3
3,2
3,1
3,0
2,3
2,2
2,1
2,0
1,3
1,2
1,1
1,0
0,314
0,311
0,309
0,243
1074,265
1074,1
1074,84
1074,3
0,448
0,383
1074,0
0,351
0,9
0,310
0,305
0,355
0,320
0,319
0,313
0,312
0,385
0,417
0,493
0,497
0,418
0,426
0,308
0,304
0,303
0,302
0,307
0,306
0,12
0,438
0,10
0,488
0,8
0,0
0,415
0,300
0,425
0,299
0,298
0,421
0,297
0,403
0,296
0,339
0,295
0,411
0,294
0,490
0,293
0,377
0,292
0,389
0,291
0,301
0,290
0,354
0,289
0,376
0,288
0,375
0,287
0,467
0,286
0,350
0,285
0,316
0,284
0,434
0,283
0,387
0,282
0,281
0,373
0,280
0,338
0,279
0,372
0,278
0,401
0,277
0,276
0,439
0,275
0,511
0,274
0,433
0,273
0,323
0,272
0,337
0,271
0,466
0,270
0,371
0,269
0,369
0,268
0,359
0,267
0,336
0,266
0,367
0,265
0,321
0,264
0,436
0,263
0,365
0,262
0,364
0,261
0,457
0,260
0,363
0,259
0,345
0,258
0,507
0,257
0,357
0,256
0,476
0,255
0,360
0,254
0,370
0,253
0,506
0,252
0,504
0,251
0,358
0,250
0,400
0,249
0,356
0,248
0,458
0,247
0,410
0,246
0,447
0,245
0,407
0,244
0,402
0,242
0,432
0,241
0,399
0,240
0,347
0,239
0,441
0,238
0,380
0,237
0,366
0,236
0,348
0,235
0,455
0,234
0,422
0,233
0,424
0,232
0,454
0,231
0,453
0,230
0,409
0,229
0,481
0,228
0,423
0,227
0,427
0,226
0,405
0,225
0,397
0,224
0,223
0,452
0,222
0,353
0,221
0,334
0,220
0,346
0,219
0,362
0,218
0,391
0,217
0,340
0,216
0,450
0,215
0,214
0,332
0,213
0,456
0,212
0,368
0,211
0,499
0,210
0,379
0,209
0,344
0,208
0,331
0,207
0,416
0,206
0,378
0,205
0,390
0,204
0,352
0,203
0,202
0,413
0,201
0,489
