152,5
152,40
152,539
152,4
152,98
152,1
152,9
152,3
0,446
152,0
145,4
145,1
145,3
0,443
145,0
2,6
2,21
2,20
2,18
1,1
1,3
1,0
2,24
2,4
2,8
2,1
2,14
2,3
2,0
0,9
0,310
0,305
0,316
0,308
0,304
0,303
0,302
0,307
0,362
0,12
0,438
0,10
0,8
0,0
0,377
0,300
0,376
0,299
0,344
0,298
0,479
0,297
0,483
0,296
0,319
0,295
0,451
0,294
0,293
0,337
0,292
0,413
0,291
0,343
0,290
0,449
0,289
0,482
0,288
0,309
0,287
0,384
0,286
0,341
0,285
0,462
0,284
0,428
0,283
0,359
0,282
0,368
0,281
0,439
0,280
0,360
0,279
0,471
0,278
0,334
0,277
0,491
0,276
0,411
0,275
0,274
0,470
0,273
0,412
0,272
0,393
0,271
0,324
0,270
0,478
0,269
0,469
0,268
0,490
0,267
0,404
0,266
0,415
0,265
0,306
0,264
0,401
0,263
0,262
0,481
0,261
0,329
0,260
0,435
0,259
0,418
0,258
0,397
0,257
0,318
0,256
0,353
0,255
0,327
0,254
0,489
0,253
0,431
0,252
0,328
0,251
0,477
0,250
0,460
0,249
0,248
0,480
0,247
0,429
0,246
0,459
0,245
0,488
0,244
0,311
0,242
0,434
0,241
0,321
0,240
0,407
0,239
0,406
0,238
0,405
0,237
0,476
0,236
0,420
0,235
0,234
0,233
0,325
0,232
0,487
0,231
0,387
0,230
0,346
0,229
0,458
0,228
0,392
0,227
0,414
0,226
0,453
0,225
0,468
0,224
0,419
0,223
0,447
0,222
0,357
0,221
0,457
0,220
0,475
0,219
0,373
0,218
0,417
0,217
0,474
0,216
0,301
0,215
0,456
0,214
0,354
0,213
0,339
0,212
0,331
0,211
0,340
0,210
0,396
0,209
0,399
0,208
0,485
0,207
0,351
0,206
0,348
0,205
0,467
0,204
0,394
0,203
0,445
0,202
0,466
0,201
0,386
0,200
0,345
0,199
0,465
0,198
0,455
0,197
0,464
0,196
0,423
0,195
0,452
0,194
