465,1
465,98
465,3
0,309
0,494
465,0
0,9
0,310
0,305
0,312
0,308
0,304
0,303
0,302
0,307
0,306
0,12
0,438
0,10
0,8
0,0
0,420
0,300
0,411
0,299
0,333
0,298
0,297
0,380
0,296
0,379
0,295
0,406
0,294
0,360
0,293
0,357
0,292
0,439
0,291
0,451
0,290
0,450
0,289
0,431
0,288
0,390
0,287
0,480
0,286
0,285
0,284
0,321
0,283
0,332
0,282
0,393
0,281
0,419
0,280
0,373
0,279
0,327
0,278
0,354
0,277
0,330
0,276
0,405
0,275
0,453
0,274
0,404
0,273
0,272
0,271
0,449
0,270
0,350
0,269
0,341
0,268
0,353
0,267
0,378
0,266
0,403
0,265
0,402
0,264
0,414
0,263
0,329
0,262
0,339
0,261
0,400
0,260
0,399
0,259
0,429
0,258
0,377
0,257
0,365
0,256
0,255
0,349
0,254
0,418
0,253
0,435
0,252
0,356
0,251
0,428
0,250
0,496
0,249
0,348
0,248
0,372
0,247
0,427
0,246
0,376
0,245
0,370
0,244
0,347
0,242
0,340
0,241
0,425
0,240
0,461
0,239
0,460
0,238
0,491
0,237
0,417
0,236
0,387
0,235
0,503
0,234
0,509
0,233
0,508
0,232
0,326
0,231
0,413
0,230
0,391
0,229
0,448
0,228
0,319
0,227
0,506
0,226
0,459
0,225
0,224
0,344
0,223
0,352
0,222
0,337
0,221
0,359
0,220
0,219
0,325
0,218
0,318
0,217
0,334
0,216
0,458
0,215
0,502
0,214
0,346
0,213
0,345
0,212
0,338
0,211
0,336
0,210
0,335
0,209
0,331
0,208
0,351
0,207
0,362
0,206
0,412
0,205
0,445
0,204
0,489
0,203
0,442
0,202
0,369
0,201
0,320
0,200
0,367
0,199
0,324
0,198
0,371
0,197
0,436
0,196
0,317
0,195
0,343
0,194
0,342
0,193
0,416
0,192
0,375
0,63
0,62
0,316
0,61
0,368
0,60
0,315
0,59
0,314
0,58
0,313
0,57
0,366
0,56
0,505
0,55
0,499
0,54
0,364
0,53
