4,3
4,2
4,1
4,0
3,6
3,5
3,4
3,3
3,2
3,1
3,0
2,3
2,2
2,1
2,0
1,3
1,2
1,1
1,0
0,243
153,1
153,122
153,3
153,0
152,1
152,98
152,3
0,446
152,0
0,9
0,310
0,305
0,444
0,308
0,304
0,303
0,302
0,307
0,12
0,438
0,10
0,8
0,0
0,429
0,300
0,364
0,299
0,370
0,298
0,391
0,297
0,440
0,296
0,386
0,295
0,400
0,294
0,388
0,293
0,445
0,292
0,390
0,291
0,384
0,290
0,363
0,289
0,315
0,288
0,395
0,287
0,306
0,286
0,398
0,285
0,284
0,377
0,283
0,282
0,359
0,281
0,357
0,280
0,326
0,279
0,447
0,278
0,350
0,277
0,276
0,358
0,275
0,319
0,274
0,318
0,273
0,421
0,272
0,441
0,271
0,397
0,270
0,317
0,269
0,431
0,268
0,405
0,267
0,423
0,266
0,311
0,265
0,436
0,264
0,356
0,263
0,335
0,262
0,426
0,261
0,419
0,260
0,367
0,259
0,415
0,258
0,355
0,257
0,312
0,256
0,344
0,255
0,437
0,254
0,376
0,253
0,354
0,252
0,352
0,251
0,309
0,250
0,414
0,249
0,383
0,248
0,428
0,247
0,435
0,246
0,382
0,245
0,413
0,244
0,374
0,242
0,343
0,241
0,434
0,240
0,239
0,381
0,238
0,387
0,237
0,420
0,236
0,412
0,235
0,234
0,410
0,233
0,331
0,232
0,231
0,342
0,230
0,347
0,229
0,418
0,228
0,227
0,321
0,226
0,313
0,225
0,301
0,224
0,394
0,223
0,379
0,222
0,348
0,221
0,345
0,220
0,336
0,219
0,430
0,218
0,340
0,217
0,422
0,216
0,417
0,215
0,373
0,214
0,338
0,213
0,411
0,212
0,349
0,211
0,407
0,210
0,404
0,209
0,316
0,208
0,403
0,207
0,332
0,206
0,330
0,205
0,432
0,204
0,323
0,203
0,396
0,202
0,380
0,201
0,375
0,200
0,401
0,199
0,368
0,198
0,333
0,197
0,324
0,196
0,393
0,195
0,320
0,194
0,392
0,193
