152,1
152,98
152,3
0,446
152,0
0,9
0,310
0,305
0,444
0,308
0,304
0,303
0,302
0,307
0,12
0,438
0,10
0,8
0,0
0,390
0,300
0,299
0,316
0,298
0,410
0,297
0,377
0,296
0,312
0,295
0,401
0,294
0,334
0,293
0,331
0,292
0,339
0,291
0,314
0,290
0,313
0,289
0,309
0,288
0,431
0,287
0,361
0,286
0,419
0,285
0,284
0,379
0,283
0,428
0,282
0,364
0,281
0,421
0,280
0,340
0,279
0,324
0,278
0,435
0,277
0,365
0,276
0,391
0,275
0,315
0,274
0,394
0,273
0,336
0,272
0,353
0,271
0,368
0,270
0,436
0,269
0,329
0,268
0,317
0,267
0,396
0,266
0,346
0,265
0,332
0,264
0,432
0,263
0,407
0,262
0,395
0,261
0,427
0,260
0,416
0,259
0,258
0,320
0,257
0,414
0,256
0,415
0,255
0,306
0,254
0,425
0,253
0,328
0,252
0,325
0,251
0,397
0,250
0,387
0,249
0,403
0,248
0,247
0,321
0,246
0,405
0,245
0,344
0,244
0,447
0,242
0,392
0,241
0,360
0,240
0,402
0,239
0,323
0,238
0,373
0,237
0,413
0,236
0,383
0,235
0,370
0,234
0,426
0,233
0,406
0,232
0,423
0,231
0,433
0,230
0,229
0,417
0,228
0,327
0,227
0,363
0,226
0,374
0,225
0,393
0,224
0,326
0,223
0,330
0,222
0,440
0,221
0,338
0,220
0,341
0,219
0,437
0,218
0,430
0,217
0,372
0,216
0,412
0,215
0,382
0,214
0,311
0,213
0,362
0,212
0,445
0,211
0,442
0,210
0,209
0,400
0,208
0,378
0,207
0,333
0,206
0,205
0,429
0,204
0,381
0,203
0,358
0,202
0,356
0,201
0,441
0,200
0,424
0,199
0,422
0,198
0,319
0,197
0,384
0,196
0,409
0,195
0,194
0,347
0,193
0,357
0,192
0,350
0,63
0,349
0,62
0,418
0,61
0,411
0,60
0,434
0,59
0,399
0,58
0,337
0,57
0,376
0,56
0,375
0,55
0,371
0,54
0,335
0,53
0,342
